397181355938829248
9
3.9646594750004515E7 3.991146289286836E7 15.155 151 151 159 364326.9 280.0 -4.734848484848484E-14 Mercury 
3.964312095884838E7 4.057214868526486E7 37.605 187 183 171 674326.9 310.0 -1.8601190476190475E-14 Venus 
4.030512983919773E7 3.911732495459837E7 39.63 59 93 56 933926.9 140.0 -1.140771161305042E-14 Earth 
4.140416912298532E7 3.977982000381905E7 21.11 226 123 88 1421326.9 240.0 -6.06501698204755E-15 Mars 
4.446434175210322E7 4.186781625581629E7 444.23 211 156 126 4839326.9 45.0 -9.625231968090432E-16 Jupiter 
3.7497510460546896E7 3.146758347685186E7 374.5 197 171 110 8891826.9 50.0 -3.936387970398362E-16 Saturn 
3.876269253537703E7 2.2201184775313437E7 158.815 147 184 190 1.78417699E7 320.0 -1.3589910850184823E-16 Uranus 
6.731743603597568E7 3.393769698442081E7 153.895 62 84 232 2.79820269E7 15.0 -6.926896307133041E-17 Neptune 
6.342903264516875E7 6.864263672628063E7 7.365 246 221 219 3.70043269E7 69.0 -4.603034320223892E-17 Pluto 
28
4.446885152561584E7 4.186879249964054E7 9.6985 134 140 139 4614.23 0.0 -1.1764595156751467E-12 Europa Jupiter
4.446630708999904E7 4.187016720629437E7 11.319 245 236 95 3064.23 0.0 -2.380952380952381E-12 Io Jupiter
4.4457749404768415E7 4.186519536716546E7 16.3675 150 133 117 7094.23 0.0 -5.813926446853736E-13 Ganymede Jupiter
4.445400134494039E7 4.186144771744221E7 14.977 110 94 78 12144.23 0.0 -2.4509803921568625E-13 Callisto Jupiter
3.7498965096800804E7 3.146711797558028E7 1.2316 146 146 146 1527.3 0.0 -4.423213021939136E-12 Mimas2 Saturn
3.7505800858439416E7 3.144666167150764E7 4.564 169 168 157 22504.5 0.0 -5.2742616033755264E-14 Iapetus Saturn
3.749719269856602E7 3.1465756402872894E7 1.5665 191 192 197 1854.5 0.0 -3.0303030303030297E-12 Enceladus Saturn
3.74952651184392E7 3.1469108903824892E7 3.4884 192 192 192 2714.5 0.0 -1.5432098765432096E-12 Dione Saturn
3.749530596497279E7 3.1467584822663464E7 3.2995 173 173 173 2204.5 0.0 -2.207505518763797E-12 Tethys Saturn
3.75010617545585E7 3.146674688042851E7 4.746 213 213 213 3648.5 0.0 -9.218289085545723E-13 Rhea Saturn
3.7494444001887366E7 3.1460232960936062E7 15.999 212 186 93 7964.5 0.0 -2.604166666666667E-13 Titan Saturn
4.030498506887022E7 3.911490164997023E7 10.794 203 198 190 2427.63 0.0 -1.5432098765432097E-13 The Earth
4.140411326849493E7 3.977987643742644E7 0.070008 139 125 113 79.39462 0.0 -5.208333333333334E-13 Phobos Mars
4.140300202491065E7 3.978072703523834E7 0.038525 212 182 144 1478.11 0.0 -3.333333333333333E-12 Deimos Mars
3.876187841098376E7 2.220393356120985E7 4.8989 187 175 163 2866.815 0.0 -5.154660431589408E-13 Titania Uranus
3.8758214751797326E7 2.2205176668112874E7 4.7311 192 177 164 5998.815 0.0 -3.2051282051282046E-13 Oberon Uranus
3.876336032279948E7 2.220313228198634E7 3.5971 87 87 87 2058.815 0.0 -1.6666666666666666E-12 Ariel Uranus
3.876017453841155E7 2.2199917733389843E7 3.6332 81 81 81 2818.815 0.0 -1.0101010101010101E-12 Umbriel Uranus
3.8764033089570194E7 2.220173430865154E7 1.4652 167 167 167 1448.815 0.0 -2.9411695501892933E-12 Miranda Uranus
6.73151212315701E7 3.393724304410766E7 8.4096 143 148 168 2358.895 0.0 -7.092198581560283E-13 Triton Neptune
6.732163374867669E7 3.3971852902049735E7 1.0563 82 82 82 34412.895 0.0 -1.1574074074074074E-14 Nereid Neptune
6.73172406619417E7 3.393747210844488E7 0.20505 167 167 167 297.895 0.0 -1.4284081819220658E-11 Naiad Neptune
6.731723213588734E7 3.3937462294862606E7 0.25476 115 115 115 310.895 0.0 -1.4284081819220658E-11 Thalassa Neptune
6.73175823906694E7 3.393798817047593E7 0.46603 213 213 213 325.895 0.0 -1.2512512512512511E-11 Despina Neptune
6.731788725094701E7 3.393776880968442E7 0.60273 144 144 144 456.895 0.0 -7.716049382716047E-12 Larissa Neptune
6.731755829167038E7 3.39368205776291E7 1.3049 122 122 122 884.895 0.0 -3.703703703703703E-12 Proteus Neptune
6.731717668038954E7 3.393722465525733E7 0.54308 239 239 239 538.8530000000001 0.0 -1.0000160002560041E-13 Galatea Neptune
6.342913775484505E7 6.864256131584692E7 3.7655 210 196 187 129.365 0.0 -6.5359477124183E-13 Charon Pluto
